Eigen::Matrix<double, 10, 10> A;
A <<
    0.00000000, 1.00000000, 0.00000000, 0.00000000, 0.00000000, 0.00000000, 0.00000000, 0.00000000, 0.00000000, 0.00000000,
    0.00000000, 0.00000000, 0.00000000, 0.00000000, -13.55160363, 0.00000000, -13.55160363, 0.00000000, 0.00000000, 0.00000000,
    0.00000000, 0.00000000, 0.00000000, 1.00000000, 0.00000000, 0.00000000, 0.00000000, 0.00000000, 0.00000000, 0.00000000,
    0.00000000, 0.00000000, 0.00000000, 0.00000000, -2.14332607, 0.00000000, 2.14332607, 0.00000000, 0.00000000, 0.00000000,
    0.00000000, 0.00000000, 0.00000000, 0.00000000, 0.00000000, 1.00000000, 0.00000000, 0.00000000, 0.00000000, 0.00000000,
    0.00000000, 0.00000000, 0.00000000, 0.00000000, 213.48521397, 0.00000000, -49.86561124, 0.00000000, 0.00000000, 0.00000000,
    0.00000000, 0.00000000, 0.00000000, 0.00000000, 0.00000000, 0.00000000, 0.00000000, 1.00000000, 0.00000000, 0.00000000,
    0.00000000, 0.00000000, 0.00000000, 0.00000000, -49.86561124, 0.00000000, 213.48521397, 0.00000000, 0.00000000, 0.00000000,
    0.00000000, 0.00000000, 0.00000000, 0.00000000, 0.00000000, 0.00000000, 0.00000000, 0.00000000, 0.00000000, 1.00000000,
    0.00000000, 0.00000000, 0.00000000, 0.00000000, 20.24352472, 0.00000000, 20.24352472, 0.00000000, -28.77747990, 0.00000000;

Eigen::Matrix<double, 10, 4> B;
B <<
    0.00000000, 0.00000000, 0.00000000, 0.00000000,
    5.75310641, 5.75310641, -0.93168984, -0.93168984,
    0.00000000, 0.00000000, 0.00000000, 0.00000000,
    -3.99485616, 3.99485616, -0.14735637, 0.14735637,
    0.00000000, 0.00000000, 0.00000000, 0.00000000,
    -71.63664239, 17.64525726, 14.67737768, -3.42832366,
    0.00000000, 0.00000000, 0.00000000, 0.00000000,
    17.64525726, -71.63664239, -3.42832366, 14.67737768,
    0.00000000, 0.00000000, 0.00000000, 0.00000000,
    -2.92121265, -2.92121265, -5.28991389, -5.28991389;

